   January       February         March          April           May           June

      End   Begin    End   Begin    End   Begin    End   Begin    End   Begin    End   Begin
       h  m   h  m    h  m   h  m    h  m   h  m    h  m   h  m    h  m   h  m    h  m   h  m
  1   07 36  16 33   07 09  17 20   06 16  18 11   06 06  20 04   05 02  20 54   04 19  21 39
  2   07 36  16 34   07 07  17 22   06 13  18 13   06 04  20 06   05 01  20 56   04 18  21 40
  3   07 36  16 35   07 06  17 24   06 11  18 15   06 01  20 08   04 59  20 57   04 18  21 41
  4   07 36  16 36   07 04  17 26   06 09  18 16   05 59  20 09   04 57  20 59   04 17  21 42
  5   07 35  16 37   07 02  17 28   06 07  18 18   05 57  20 11   04 55  21 01   04 16  21 43
 
  6   07 35  16 38   07 01  17 30   06 05  18 20   05 55  20 13   04 53  21 02   04 16  21 43
  7   07 35  16 40   06 59  17 31   06 02  18 22   05 52  20 14   04 52  21 04   04 15  21 44
  8   07 34  16 41   06 57  17 33   06 00  18 23   05 50  20 16   04 50  21 05   04 15  21 45
  9   07 34  16 42   06 55  17 35   05 58  18 25   05 48  20 18   04 48  21 07   04 14  21 46
 10   07 33  16 44   06 54  17 37   05 56  18 27   05 46  20 19   04 47  21 09   04 14  21 47
 
 11   07 32  16 45   06 52  17 39   05 54  18 29   05 43  20 21   04 45  21 10   04 14  21 47
 12   07 32  16 47   06 50  17 41   05 51  18 30   05 41  20 23   04 43  21 12   04 13  21 48
 13   07 31  16 48   06 48  17 42   05 49  18 32   05 39  20 24   04 42  21 13   04 13  21 49
 14   07 30  16 50   06 46  17 44   05 47  18 34   05 37  20 26   04 40  21 15   04 13  21 49
 15   07 29  16 51   06 44  17 46   05 45  18 35   05 35  20 28   04 39  21 16   04 13  21 50
 
 16   07 29  16 53   06 42  17 48   05 42  18 37   05 33  20 29   04 37  21 18   04 13  21 50
 17   07 28  16 54   06 40  17 50   05 40  18 39   05 31  20 31   04 36  21 19   04 13  21 51
 18   07 27  16 56   06 38  17 51   05 38  18 41   05 28  20 33   04 34  21 21   04 13  21 51
 19   07 26  16 58   06 36  17 53   05 35  18 42   05 26  20 34   04 33  21 22   04 13  21 51
 20   07 25  16 59   06 34  17 55   05 33  18 44   05 24  20 36   04 32  21 24   04 13  21 51
 
 21   07 23  17 01   06 32  17 57   05 31  18 46   05 22  20 38   04 30  21 25   04 13  21 52
 22   07 22  17 03   06 30  17 59   05 29  18 47   05 20  20 39   04 29  21 26   04 14  21 52
 23   07 21  17 04   06 28  18 01   05 26  18 49   05 18  20 41   04 28  21 28   04 14  21 52
 24   07 20  17 06   06 26  18 02   05 24  18 51   05 16  20 43   04 27  21 29   04 14  21 52
 25   07 19  17 08   06 24  18 04   05 22  18 52   05 14  20 44   04 26  21 30   04 15  21 52
 
 26   07 17  17 10   06 22  18 06   06 19  19 54   05 12  20 46   04 25  21 32   04 15  21 52
 27   07 16  17 11   06 20  18 08   06 17  19 56   05 10  20 48   04 24  21 33   04 15  21 52
 28   07 15  17 13   06 18  18 09   06 15  19 57   05 08  20 49   04 23  21 34   04 16  21 52
 29   07 13  17 15                  06 13  19 59   05 06  20 51   04 22  21 35   04 17  21 51
 30   07 12  17 17                  06 10  20 01   05 04  20 53   04 21  21 36   04 17  21 51
 
 31   07 10  17 19                  06 08  20 02                  04 20  21 37               
 
  July          August        September       October       November       December

      End   Begin    End   Begin    End   Begin    End   Begin    End   Begin    End   Begin
       h  m   h  m    h  m   h  m    h  m   h  m    h  m   h  m    h  m   h  m    h  m   h  m
  1   04 18  21 51   04 55  21 18   05 43  20 17   06 31  19 08   06 24  17 03   07 14  16 25
  2   04 19  21 51   04 56  21 17   05 45  20 14   06 33  19 06   06 26  17 02   07 15  16 24
  3   04 19  21 50   04 58  21 15   05 47  20 12   06 35  19 04   06 28  17 00   07 17  16 24
  4   04 20  21 50   04 59  21 13   05 48  20 10   06 36  19 01   06 30  16 58   07 18  16 23
  5   04 21  21 49   05 01  21 12   05 50  20 08   06 38  18 59   06 31  16 56   07 19  16 23
 
  6   04 22  21 49   05 02  21 10   05 51  20 05   06 40  18 57   06 33  16 55   07 21  16 23
  7   04 23  21 48   05 04  21 08   05 53  20 03   06 41  18 55   06 35  16 53   07 22  16 22
  8   04 24  21 47   05 05  21 06   05 55  20 01   06 43  18 52   06 37  16 51   07 23  16 22
  9   04 25  21 47   05 07  21 04   05 56  19 59   06 45  18 50   06 38  16 50   07 24  16 22
 10   04 26  21 46   05 08  21 02   05 58  19 56   06 46  18 48   06 40  16 48   07 25  16 22
 
 11   04 27  21 45   05 10  21 01   05 59  19 54   06 48  18 46   06 42  16 47   07 26  16 22
 12   04 28  21 44   05 12  20 59   06 01  19 52   06 50  18 44   06 44  16 45   07 27  16 22
 13   04 29  21 43   05 13  20 57   06 02  19 49   06 51  18 41   06 45  16 44   07 28  16 22
 14   04 30  21 42   05 15  20 55   06 04  19 47   06 53  18 39   06 47  16 43   07 29  16 22
 15   04 31  21 41   05 16  20 53   06 06  19 45   06 55  18 37   06 49  16 41   07 30  16 22
 
 16   04 32  21 40   05 18  20 51   06 07  19 43   06 56  18 35   06 51  16 40   07 31  16 22
 17   04 34  21 39   05 19  20 49   06 09  19 40   06 58  18 33   06 52  16 39   07 31  16 22
 18   04 35  21 38   05 21  20 47   06 10  19 38   07 00  18 31   06 54  16 37   07 32  16 22
 19   04 36  21 37   05 23  20 45   06 12  19 36   07 02  18 29   06 56  16 36   07 33  16 23
 20   04 37  21 36   05 24  20 43   06 14  19 33   07 03  18 27   06 57  16 35   07 33  16 23
 
 21   04 39  21 34   05 26  20 41   06 15  19 31   07 05  18 25   06 59  16 34   07 34  16 24
 22   04 40  21 33   05 27  20 38   06 17  19 29   07 07  18 23   07 01  16 33   07 34  16 24
 23   04 42  21 32   05 29  20 36   06 18  19 26   07 09  18 21   07 02  16 32   07 35  16 25
 24   04 43  21 31   05 31  20 34   06 20  19 24   07 10  18 19   07 04  16 31   07 35  16 25
 25   04 44  21 29   05 32  20 32   06 22  19 22   07 12  18 17   07 05  16 30   07 36  16 26
 
 26   04 46  21 28   05 34  20 30   06 23  19 20   07 14  18 15   07 07  16 29   07 36  16 27
 27   04 47  21 26   05 35  20 28   06 25  19 17   07 16  18 13   07 08  16 28   07 36  16 28
 28   04 49  21 25   05 37  20 26   06 27  19 15   07 17  18 11   07 10  16 27   07 36  16 29
 29   04 50  21 23   05 39  20 23   06 28  19 13   06 19  17 09   07 11  16 26   07 36  16 29
 30   04 52  21 22   05 40  20 21   06 30  19 10   06 21  17 07   07 13  16 26   07 36  16 30
 
 31   04 53  21 20   05 42  20 19                  06 23  17 05                  07 36  16 31